0 
0 
0 
0 
0 
0.125 
0 
0 
0.25 
0 
0 
0.375 
0 
0 
0.5 
0 
0 
0.625 
0 
0 
0.75 
0 
0 
0.875 
0 
0 
1 
0.125 
0 
0 
0.125 
0 
0.125 
0.125 
0 
0.25 
0.125 
0 
0.375 
0.125 
0 
0.5 
0.125 
0 
0.625 
0.125 
0 
0.75 
0.125 
0 
0.875 
0.125 
0 
1 
0.25 
0 
0 
0.25 
0 
0.125 
0.25 
0 
0.25 
0.25 
0 
0.375 
0.25 
0 
0.5 
0.25 
0 
0.625 
0.25 
0 
0.75 
0.25 
0 
0.875 
0.25 
0 
1 
0.375 
0 
0 
0.375 
0 
0.125 
0.375 
0 
0.25 
0.375 
0 
0.375 
0.375 
0 
0.5 
0.375 
0 
0.625 
0.375 
0 
0.75 
0.375 
0 
0.875 
0.375 
0 
1 
0.5 
0 
0 
0.5 
0 
0.125 
0.5 
0 
0.25 
0.5 
0 
0.375 
0.5 
0 
0.5 
0.5 
0 
0.625 
0.5 
0 
0.75 
0.5 
0 
0.875 
0.5 
0 
1 
0.625 
0 
0 
0.625 
0 
0.125 
0.625 
0 
0.25 
0.625 
0 
0.375 
0.625 
0 
0.5 
0.625 
0 
0.625 
0.625 
0 
0.75 
0.625 
0 
0.875 
0.625 
0 
1 
0.75 
0 
0 
0.75 
0 
0.125 
0.75 
0 
0.25 
0.75 
0 
0.375 
0.75 
0 
0.5 
0.75 
0 
0.625 
0.75 
0 
0.75 
0.75 
0 
0.875 
0.75 
0 
1 
0.875 
0 
0 
0.875 
0 
0.125 
0.875 
0 
0.25 
0.875 
0 
0.375 
0.875 
0 
0.5 
0.875 
0 
0.625 
0.875 
0 
0.75 
0.875 
0 
0.875 
0.875 
0 
1 
1 
0 
0 
1 
0 
0.125 
1 
0 
0.25 
1 
0 
0.375 
1 
0 
0.5 
1 
0 
0.625 
1 
0 
0.75 
1 
0 
0.875 
1 
0 
1 
0 
0.125 
0 
0 
0.125 
0.125 
0 
0.125 
0.25 
0 
0.125 
0.375 
0 
0.125 
0.5 
0 
0.125 
0.625 
0 
0.125 
0.75 
0 
0.125 
0.875 
0 
0.125 
1 
0.125 
0.125 
0 
0.125 
0.125 
0.125 
0 
0 
0.25 
0 
0 
0.375 
0 
0 
0.5 
0 
0 
0.625 
0 
0 
0.75 
0 
0 
0.875 
0 
0 
1 
0.25 
0.125 
0 
0.25 
0 
0 
0.25 
0 
0.25 
0.1875 
0 
0.375 
0.16667 
0 
0.5 
0.15625 
0 
0.625 
0.15 
0 
0.75 
0.14583 
0 
0.875 
0.14286 
0 
1 
0.375 
0.125 
0 
0.375 
0 
0 
0.375 
0 
0.1875 
0.375 
0 
0.375 
0.33333 
0 
0.5 
0.3125 
0 
0.625 
0.3 
0 
0.75 
0.29167 
0 
0.875 
0.28571 
0 
1 
0.5 
0.125 
0 
0.5 
0 
0 
0.5 
0 
0.16667 
0.5 
0 
0.33333 
0.5 
0 
0.5 
0.46875 
0 
0.625 
0.45 
0 
0.75 
0.4375 
0 
0.875 
0.42857 
0 
1 
0.625 
0.125 
0 
0.625 
0 
0 
0.625 
0 
0.15625 
0.625 
0 
0.3125 
0.625 
0 
0.46875 
0.625 
0 
0.625 
0.6 
0 
0.75 
0.58333 
0 
0.875 
0.57143 
0 
1 
0.75 
0.125 
0 
0.75 
0 
0 
0.75 
0 
0.15 
0.75 
0 
0.3 
0.75 
0 
0.45 
0.75 
0 
0.6 
0.75 
0 
0.75 
0.72917 
0 
0.875 
0.71429 
0 
1 
0.875 
0.125 
0 
0.875 
0 
0 
0.875 
0 
0.14583 
0.875 
0 
0.29167 
0.875 
0 
0.4375 
0.875 
0 
0.58333 
0.875 
0 
0.72917 
0.875 
0 
0.875 
0.85714 
0 
1 
1 
0.125 
0 
1 
0 
0 
1 
0 
0.14286 
1 
0 
0.28571 
1 
0 
0.42857 
1 
0 
0.57143 
1 
0 
0.71429 
1 
0 
0.85714 
1 
0 
1 
0 
0.25 
0 
0 
0.25 
0.125 
0 
0.25 
0.25 
0 
0.25 
0.375 
0 
0.25 
0.5 
0 
0.25 
0.625 
0 
0.25 
0.75 
0 
0.25 
0.875 
0 
0.25 
1 
0.125 
0.25 
0 
0 
0.25 
0 
0 
0.25 
0.25 
0 
0.1875 
0.375 
0 
0.16667 
0.5 
0 
0.15625 
0.625 
0 
0.15 
0.75 
0 
0.14583 
0.875 
0 
0.14286 
1 
0.25 
0.25 
0 
0.25 
0.25 
0 
0.25 
0.25 
0.25 
0.0625 
0.0625 
0.375 
0 
0 
0.5 
0 
0 
0.625 
0 
0 
0.75 
0 
0 
0.875 
0 
0 
1 
0.375 
0.25 
0 
0.375 
0.1875 
0 
0.375 
0.0625 
0.0625 
0.375 
0.0625 
0.375 
0.25 
0 
0.5 
0.20833 
0 
0.625 
0.1875 
0 
0.75 
0.175 
0 
0.875 
0.16667 
0 
1 
0.5 
0.25 
0 
0.5 
0.16667 
0 
0.5 
0 
0 
0.5 
0 
0.25 
0.5 
0 
0.5 
0.41667 
0 
0.625 
0.375 
0 
0.75 
0.35 
0 
0.875 
0.33333 
0 
1 
0.625 
0.25 
0 
0.625 
0.15625 
0 
0.625 
0 
0 
0.625 
0 
0.20833 
0.625 
0 
0.41667 
0.625 
0 
0.625 
0.5625 
0 
0.75 
0.525 
0 
0.875 
0.5 
0 
1 
0.75 
0.25 
0 
0.75 
0.15 
0 
0.75 
0 
0 
0.75 
0 
0.1875 
0.75 
0 
0.375 
0.75 
0 
0.5625 
0.75 
0 
0.75 
0.7 
0 
0.875 
0.66667 
0 
1 
0.875 
0.25 
0 
0.875 
0.14583 
0 
0.875 
0 
0 
0.875 
0 
0.175 
0.875 
0 
0.35 
0.875 
0 
0.525 
0.875 
0 
0.7 
0.875 
0 
0.875 
0.83333 
0 
1 
1 
0.25 
0 
1 
0.14286 
0 
1 
0 
0 
1 
0 
0.16667 
1 
0 
0.33333 
1 
0 
0.5 
1 
0 
0.66667 
1 
0 
0.83333 
1 
0 
1 
0 
0.375 
0 
0 
0.375 
0.125 
0 
0.375 
0.25 
0 
0.375 
0.375 
0 
0.375 
0.5 
0 
0.375 
0.625 
0 
0.375 
0.75 
0 
0.375 
0.875 
0 
0.375 
1 
0.125 
0.375 
0 
0 
0.375 
0 
0 
0.375 
0.1875 
0 
0.375 
0.375 
0 
0.33333 
0.5 
0 
0.3125 
0.625 
0 
0.3 
0.75 
0 
0.29167 
0.875 
0 
0.28571 
1 
0.25 
0.375 
0 
0.1875 
0.375 
0 
0.0625 
0.375 
0.0625 
0.0625 
0.375 
0.375 
0 
0.25 
0.5 
0 
0.20833 
0.625 
0 
0.1875 
0.75 
0 
0.175 
0.875 
0 
0.16667 
1 
0.375 
0.375 
0 
0.375 
0.375 
0 
0.375 
0.375 
0.0625 
0.375 
0.375 
0.375 
0.1875 
0.1875 
0.5 
0 
0 
0.625 
0 
0 
0.75 
0 
0 
0.875 
0 
0 
1 
0.5 
0.375 
0 
0.5 
0.33333 
0 
0.5 
0.25 
0 
0.5 
0.1875 
0.1875 
0.5 
0.1875 
0.5 
0.3125 
0 
0.625 
0.25 
0 
0.75 
0.21875 
0 
0.875 
0.2 
0 
1 
0.625 
0.375 
0 
0.625 
0.3125 
0 
0.625 
0.20833 
0 
0.625 
0 
0 
0.625 
0 
0.3125 
0.625 
0 
0.625 
0.5 
0 
0.75 
0.4375 
0 
0.875 
0.4 
0 
1 
0.75 
0.375 
0 
0.75 
0.3 
0 
0.75 
0.1875 
0 
0.75 
0 
0 
0.75 
0 
0.25 
0.75 
0 
0.5 
0.75 
0 
0.75 
0.65625 
0 
0.875 
0.6 
0 
1 
0.875 
0.375 
0 
0.875 
0.29167 
0 
0.875 
0.175 
0 
0.875 
0 
0 
0.875 
0 
0.21875 
0.875 
0 
0.4375 
0.875 
0 
0.65625 
0.875 
0 
0.875 
0.8 
0 
1 
1 
0.375 
0 
1 
0.28571 
0 
1 
0.16667 
0 
1 
0 
0 
1 
0 
0.2 
1 
0 
0.4 
1 
0 
0.6 
1 
0 
0.8 
1 
0 
1 
0 
0.5 
0 
0 
0.5 
0.125 
0 
0.5 
0.25 
0 
0.5 
0.375 
0 
0.5 
0.5 
0 
0.5 
0.625 
0 
0.5 
0.75 
0 
0.5 
0.875 
0 
0.5 
1 
0.125 
0.5 
0 
0 
0.5 
0 
0 
0.5 
0.16667 
0 
0.5 
0.33333 
0 
0.5 
0.5 
0 
0.46875 
0.625 
0 
0.45 
0.75 
0 
0.4375 
0.875 
0 
0.42857 
1 
0.25 
0.5 
0 
0.16667 
0.5 
0 
0 
0.5 
0 
0 
0.5 
0.25 
0 
0.5 
0.5 
0 
0.41667 
0.625 
0 
0.375 
0.75 
0 
0.35 
0.875 
0 
0.33333 
1 
0.375 
0.5 
0 
0.33333 
0.5 
0 
0.25 
0.5 
0 
0.1875 
0.5 
0.1875 
0.1875 
0.5 
0.5 
0 
0.3125 
0.625 
0 
0.25 
0.75 
0 
0.21875 
0.875 
0 
0.2 
1 
0.5 
0.5 
0 
0.5 
0.5 
0 
0.5 
0.5 
0 
0.5 
0.5 
0.1875 
0.5 
0.5 
0.5 
0.3125 
0.3125 
0.625 
0.125 
0.125 
0.75 
0 
0 
0.875 
0 
0 
1 
0.625 
0.5 
0 
0.625 
0.46875 
0 
0.625 
0.41667 
0 
0.625 
0.3125 
0 
0.625 
0.3125 
0.3125 
0.625 
0.3125 
0.625 
0.4375 
0.125 
0.75 
0.29167 
0 
0.875 
0.25 
0 
1 
0.75 
0.5 
0 
0.75 
0.45 
0 
0.75 
0.375 
0 
0.75 
0.25 
0 
0.75 
0.125 
0.125 
0.75 
0.125 
0.4375 
0.75 
0.125 
0.75 
0.58333 
0 
0.875 
0.5 
0 
1 
0.875 
0.5 
0 
0.875 
0.4375 
0 
0.875 
0.35 
0 
0.875 
0.21875 
0 
0.875 
0 
0 
0.875 
0 
0.29167 
0.875 
0 
0.58333 
0.875 
0 
0.875 
0.75 
0 
1 
1 
0.5 
0 
1 
0.42857 
0 
1 
0.33333 
0 
1 
0.2 
0 
1 
0 
0 
1 
0 
0.25 
1 
0 
0.5 
1 
0 
0.75 
1 
0 
1 
0 
0.625 
0 
0 
0.625 
0.125 
0 
0.625 
0.25 
0 
0.625 
0.375 
0 
0.625 
0.5 
0 
0.625 
0.625 
0 
0.625 
0.75 
0 
0.625 
0.875 
0 
0.625 
1 
0.125 
0.625 
0 
0 
0.625 
0 
0 
0.625 
0.15625 
0 
0.625 
0.3125 
0 
0.625 
0.46875 
0 
0.625 
0.625 
0 
0.6 
0.75 
0 
0.58333 
0.875 
0 
0.57143 
1 
0.25 
0.625 
0 
0.15625 
0.625 
0 
0 
0.625 
0 
0 
0.625 
0.20833 
0 
0.625 
0.41667 
0 
0.625 
0.625 
0 
0.5625 
0.75 
0 
0.525 
0.875 
0 
0.5 
1 
0.375 
0.625 
0 
0.3125 
0.625 
0 
0.20833 
0.625 
0 
0 
0.625 
0 
0 
0.625 
0.3125 
0 
0.625 
0.625 
0 
0.5 
0.75 
0 
0.4375 
0.875 
0 
0.4 
1 
0.5 
0.625 
0 
0.46875 
0.625 
0 
0.41667 
0.625 
0 
0.3125 
0.625 
0 
0.3125 
0.625 
0.3125 
0.3125 
0.625 
0.625 
0.125 
0.4375 
0.75 
0 
0.29167 
0.875 
0 
0.25 
1 
0.625 
0.625 
0 
0.625 
0.625 
0 
0.625 
0.625 
0 
0.625 
0.625 
0 
0.625 
0.625 
0.3125 
0.625 
0.625 
0.625 
0.4375 
0.4375 
0.75 
0.25 
0.25 
0.875 
0.0625 
0.0625 
1 
0.75 
0.625 
0 
0.75 
0.6 
0 
0.75 
0.5625 
0 
0.75 
0.5 
0 
0.75 
0.4375 
0.125 
0.75 
0.4375 
0.4375 
0.75 
0.4375 
0.75 
0.5625 
0.25 
0.875 
0.375 
0.0625 
1 
0.875 
0.625 
0 
0.875 
0.58333 
0 
0.875 
0.525 
0 
0.875 
0.4375 
0 
0.875 
0.29167 
0 
0.875 
0.25 
0.25 
0.875 
0.25 
0.5625 
0.875 
0.25 
0.875 
0.6875 
0.0625 
1 
1 
0.625 
0 
1 
0.57143 
0 
1 
0.5 
0 
1 
0.4 
0 
1 
0.25 
0 
1 
0.0625 
0.0625 
1 
0.0625 
0.375 
1 
0.0625 
0.6875 
1 
0.0625 
1 
0 
0.75 
0 
0 
0.75 
0.125 
0 
0.75 
0.25 
0 
0.75 
0.375 
0 
0.75 
0.5 
0 
0.75 
0.625 
0 
0.75 
0.75 
0 
0.75 
0.875 
0 
0.75 
1 
0.125 
0.75 
0 
0 
0.75 
0 
0 
0.75 
0.15 
0 
0.75 
0.3 
0 
0.75 
0.45 
0 
0.75 
0.6 
0 
0.75 
0.75 
0 
0.72917 
0.875 
0 
0.71429 
1 
0.25 
0.75 
0 
0.15 
0.75 
0 
0 
0.75 
0 
0 
0.75 
0.1875 
0 
0.75 
0.375 
0 
0.75 
0.5625 
0 
0.75 
0.75 
0 
0.7 
0.875 
0 
0.66667 
1 
0.375 
0.75 
0 
0.3 
0.75 
0 
0.1875 
0.75 
0 
0 
0.75 
0 
0 
0.75 
0.25 
0 
0.75 
0.5 
0 
0.75 
0.75 
0 
0.65625 
0.875 
0 
0.6 
1 
0.5 
0.75 
0 
0.45 
0.75 
0 
0.375 
0.75 
0 
0.25 
0.75 
0 
0.125 
0.75 
0.125 
0.125 
0.75 
0.4375 
0.125 
0.75 
0.75 
0 
0.58333 
0.875 
0 
0.5 
1 
0.625 
0.75 
0 
0.6 
0.75 
0 
0.5625 
0.75 
0 
0.5 
0.75 
0 
0.4375 
0.75 
0.125 
0.4375 
0.75 
0.4375 
0.4375 
0.75 
0.75 
0.25 
0.5625 
0.875 
0.0625 
0.375 
1 
0.75 
0.75 
0 
0.75 
0.75 
0 
0.75 
0.75 
0 
0.75 
0.75 
0 
0.75 
0.75 
0.125 
0.75 
0.75 
0.4375 
0.75 
0.75 
0.75 
0.5625 
0.5625 
0.875 
0.375 
0.375 
1 
0.875 
0.75 
0 
0.875 
0.72917 
0 
0.875 
0.7 
0 
0.875 
0.65625 
0 
0.875 
0.58333 
0 
0.875 
0.5625 
0.25 
0.875 
0.5625 
0.5625 
0.875 
0.5625 
0.875 
0.6875 
0.375 
1 
1 
0.75 
0 
1 
0.71429 
0 
1 
0.66667 
0 
1 
0.6 
0 
1 
0.5 
0 
1 
0.375 
0.0625 
1 
0.375 
0.375 
1 
0.375 
0.6875 
1 
0.375 
1 
0 
0.875 
0 
0 
0.875 
0.125 
0 
0.875 
0.25 
0 
0.875 
0.375 
0 
0.875 
0.5 
0 
0.875 
0.625 
0 
0.875 
0.75 
0 
0.875 
0.875 
0 
0.875 
1 
0.125 
0.875 
0 
0 
0.875 
0 
0 
0.875 
0.14583 
0 
0.875 
0.29167 
0 
0.875 
0.4375 
0 
0.875 
0.58333 
0 
0.875 
0.72917 
0 
0.875 
0.875 
0 
0.85714 
1 
0.25 
0.875 
0 
0.14583 
0.875 
0 
0 
0.875 
0 
0 
0.875 
0.175 
0 
0.875 
0.35 
0 
0.875 
0.525 
0 
0.875 
0.7 
0 
0.875 
0.875 
0 
0.83333 
1 
0.375 
0.875 
0 
0.29167 
0.875 
0 
0.175 
0.875 
0 
0 
0.875 
0 
0 
0.875 
0.21875 
0 
0.875 
0.4375 
0 
0.875 
0.65625 
0 
0.875 
0.875 
0 
0.8 
1 
0.5 
0.875 
0 
0.4375 
0.875 
0 
0.35 
0.875 
0 
0.21875 
0.875 
0 
0 
0.875 
0 
0 
0.875 
0.29167 
0 
0.875 
0.58333 
0 
0.875 
0.875 
0 
0.75 
1 
0.625 
0.875 
0 
0.58333 
0.875 
0 
0.525 
0.875 
0 
0.4375 
0.875 
0 
0.29167 
0.875 
0 
0.25 
0.875 
0.25 
0.25 
0.875 
0.5625 
0.25 
0.875 
0.875 
0.0625 
0.6875 
1 
0.75 
0.875 
0 
0.72917 
0.875 
0 
0.7 
0.875 
0 
0.65625 
0.875 
0 
0.58333 
0.875 
0 
0.5625 
0.875 
0.25 
0.5625 
0.875 
0.5625 
0.5625 
0.875 
0.875 
0.375 
0.6875 
1 
0.875 
0.875 
0 
0.875 
0.875 
0 
0.875 
0.875 
0 
0.875 
0.875 
0 
0.875 
0.875 
0 
0.875 
0.875 
0.25 
0.875 
0.875 
0.5625 
0.875 
0.875 
0.875 
0.6875 
0.6875 
1 
1 
0.875 
0 
1 
0.85714 
0 
1 
0.83333 
0 
1 
0.8 
0 
1 
0.75 
0 
1 
0.6875 
0.0625 
1 
0.6875 
0.375 
1 
0.6875 
0.6875 
1 
0.6875 
1 
0 
1 
0 
0 
1 
0.125 
0 
1 
0.25 
0 
1 
0.375 
0 
1 
0.5 
0 
1 
0.625 
0 
1 
0.75 
0 
1 
0.875 
0 
1 
1 
0.125 
1 
0 
0 
1 
0 
0 
1 
0.14286 
0 
1 
0.28571 
0 
1 
0.42857 
0 
1 
0.57143 
0 
1 
0.71429 
0 
1 
0.85714 
0 
1 
1 
0.25 
1 
0 
0.14286 
1 
0 
0 
1 
0 
0 
1 
0.16667 
0 
1 
0.33333 
0 
1 
0.5 
0 
1 
0.66667 
0 
1 
0.83333 
0 
1 
1 
0.375 
1 
0 
0.28571 
1 
0 
0.16667 
1 
0 
0 
1 
0 
0 
1 
0.2 
0 
1 
0.4 
0 
1 
0.6 
0 
1 
0.8 
0 
1 
1 
0.5 
1 
0 
0.42857 
1 
0 
0.33333 
1 
0 
0.2 
1 
0 
0 
1 
0 
0 
1 
0.25 
0 
1 
0.5 
0 
1 
0.75 
0 
1 
1 
0.625 
1 
0 
0.57143 
1 
0 
0.5 
1 
0 
0.4 
1 
0 
0.25 
1 
0 
0.0625 
1 
0.0625 
0.0625 
1 
0.375 
0.0625 
1 
0.6875 
0.0625 
1 
1 
0.75 
1 
0 
0.71429 
1 
0 
0.66667 
1 
0 
0.6 
1 
0 
0.5 
1 
0 
0.375 
1 
0.0625 
0.375 
1 
0.375 
0.375 
1 
0.6875 
0.375 
1 
1 
0.875 
1 
0 
0.85714 
1 
0 
0.83333 
1 
0 
0.8 
1 
0 
0.75 
1 
0 
0.6875 
1 
0.0625 
0.6875 
1 
0.375 
0.6875 
1 
0.6875 
0.6875 
1 
1 
1 
1 
0 
1 
1 
0 
1 
1 
0 
1 
1 
0 
1 
1 
0 
1 
1 
0.0625 
1 
1 
0.375 
1 
1 
0.6875 
1 
1 
1 
